INFO: 2023-05-14 20:18:41,108: Data
INFO: 2023-05-14 20:18:44,483: Data shape (110527, 14)
INFO: 2023-05-14 20:18:51,811: Percentage of women: 0.653882342398853
INFO: 2023-05-14 20:19:00,618: Percentage of men: 0.346117657601147
ERROR: 2023-05-14 20:19:06,161: Data shape is incorrect!
